#vertices 30 
v 0 0 0
v 1 0 0
v 1 0 -2
v 5 0 -2
v 5 0 0
v 12 0 0
v 12 0 20
v 0 0 20
v 0 6 20
v 0 6 0
v 12 6 0
v 12 6 20
v 6 14 20
v 6 14 0
v 1 16 0
v 1 16 -2
v 5 16 -2
v 5 16 0
v 2 0 20
v 2 4 20
v 4 4 20
v 4 0 20
v 12 2 16
v 12 4 16
v 12 4 12
v 12 2 12
v 12 4 8
v 12 4 4
v 12 2 4
v 12 2 8
#superficies 15
s 8 19 20 21 22 7 12 13 9 8
s 7 6 11 12 7
s 14 11 6 1 10 14
s 9 10 1 8 9
s 1 6 7 8 1
s 12 11 14 13 12
s 13 14 10 9 13
s 15 2 5 18 15
s 18 5 4 17 18
s 16 17 4 3 16
s 15 16 3 2 15
s 2 3 4 5 2
s 16 15 18 17 16
s 25 24 23 26 25
s 28 27 30 29 28
#
